0.00 0.00 0.00 1.11 0.32 0.82 0.00 0.00 1.18 0.00
0.00 0.00 1.48 0.00 0.00 1.31 1.47 0.66 0.00 0.18
0.00 1.48 0.00 0.00 0.00 1.08 0.00 0.05 0.00 0.00
1.11 0.00 0.00 0.00 1.53 0.89 1.09 0.00 1.73 0.00
0.32 0.00 0.00 1.53 0.00 0.26 0.00 0.00 0.43 0.00
0.82 1.31 1.08 0.89 0.26 0.00 1.64 0.39 0.00 0.00
0.00 1.47 0.00 1.09 0.00 1.64 0.00 0.00 0.00 0.00
0.00 0.66 0.05 0.00 0.00 0.39 0.00 0.00 0.00 1.69
1.18 0.00 0.00 1.73 0.43 0.00 0.00 0.00 0.00 0.00
0.00 0.18 0.00 0.00 0.00 0.00 0.00 1.69 0.00 0.00
