0.00 0.65 0.00 1.01 0.00 0.00 0.00 0.00 0.00 0.00
0.65 0.00 0.94 1.12 0.00 0.00 0.00 0.78 0.00 0.00
0.00 0.94 0.00 0.45 0.00 1.16 1.12 1.34 1.13 0.00
1.01 1.12 0.45 0.00 0.00 0.00 1.21 0.00 0.00 0.00
0.00 0.00 0.00 0.00 0.00 0.00 0.00 0.00 0.00 1.09
0.00 0.00 1.16 0.00 0.00 0.00 0.35 1.07 1.37 0.00
0.00 0.00 1.12 1.21 0.00 0.35 0.00 0.00 0.00 0.00
0.00 0.78 1.34 0.00 0.00 1.07 0.00 0.00 1.21 0.62
0.00 0.00 1.13 0.00 0.00 1.37 0.00 1.21 0.00 0.00
0.00 0.00 0.00 0.00 1.09 0.00 0.00 0.62 0.00 0.00
