0.00 0.00 0.00 1.48 0.00 0.00 0.00 0.00 0.00 0.00
0.00 0.00 1.32 0.00 0.00 0.90 0.00 1.69 0.84 0.31
0.00 1.32 0.00 0.00 0.00 0.00 0.00 1.02 0.00 1.01
1.48 0.00 0.00 0.00 0.00 0.00 0.00 2.08 0.00 0.00
0.00 0.00 0.00 0.00 0.00 1.18 0.67 0.00 0.00 0.00
0.00 0.90 0.00 0.00 1.18 0.00 1.33 0.00 1.38 0.00
0.00 0.00 0.00 0.00 0.67 1.33 0.00 0.00 0.00 0.00
0.00 1.69 1.02 2.08 0.00 0.00 0.00 0.00 0.00 0.86
0.00 0.84 0.00 0.00 0.00 1.38 0.00 0.00 0.00 0.00
0.00 0.31 1.01 0.00 0.00 0.00 0.00 0.86 0.00 0.00
