0.00 0.00 0.00 0.00 0.97 0.00 0.00 0.00 0.00 0.00
0.00 0.00 0.71 0.00 1.23 0.00 0.00 0.00 0.00 0.00
0.00 0.71 0.00 1.04 1.87 0.00 1.11 0.00 1.14 0.42
0.00 0.00 1.04 0.00 0.00 0.00 0.87 1.54 0.07 0.92
0.97 1.23 1.87 0.00 0.00 0.00 0.00 0.00 0.00 0.00
0.00 0.00 0.00 0.00 0.00 0.00 0.00 0.41 0.85 0.00
0.00 0.00 1.11 0.87 0.00 0.00 0.00 0.00 1.52 0.97
0.00 0.00 0.00 1.54 0.00 0.41 0.00 0.00 1.42 0.00
0.00 0.00 1.14 0.07 0.00 0.85 1.52 1.42 0.00 1.69
0.00 0.00 0.42 0.92 0.00 0.00 0.97 0.00 1.69 0.00
