0.00 0.85 0.63 0.98 0.00 0.00 0.00 0.00 0.56 0.00
0.85 0.00 0.00 0.00 0.54 0.00 0.00 0.88 0.00 1.14
0.63 0.00 0.00 0.78 0.00 0.00 0.00 0.00 1.01 0.00
0.98 0.00 0.78 0.00 0.00 0.00 0.68 1.13 0.92 0.00
0.00 0.54 0.00 0.00 0.00 1.22 0.00 0.86 0.00 -0.03
0.00 0.00 0.00 0.00 1.22 0.00 0.00 0.95 0.00 1.31
0.00 0.00 0.00 0.68 0.00 0.00 0.00 0.00 0.00 0.00
0.00 0.88 0.00 1.13 0.86 0.95 0.00 0.00 0.54 0.84
0.56 0.00 1.01 0.92 0.00 0.00 0.00 0.54 0.00 0.00
0.00 1.14 0.00 0.00 -0.03 1.31 0.00 0.84 0.00 0.00
