0.00 0.00 0.00 0.76 0.74 0.00 0.76 0.00 1.35 0.00
0.00 0.00 0.00 0.00 0.00 0.00 0.00 0.92 0.00 1.30
0.00 0.00 0.00 0.00 0.00 1.05 0.00 0.00 0.00 0.00
0.76 0.00 0.00 0.00 1.21 1.46 1.36 0.00 0.62 1.58
0.74 0.00 0.00 1.21 0.00 0.00 1.24 0.00 0.62 0.00
0.00 0.00 1.05 1.46 0.00 0.00 0.00 0.00 1.13 0.00
0.76 0.00 0.00 1.36 1.24 0.00 0.00 0.00 1.08 1.00
0.00 0.92 0.00 0.00 0.00 0.00 0.00 0.00 0.00 0.00
1.35 0.00 0.00 0.62 0.62 1.13 1.08 0.00 0.00 0.29
0.00 1.30 0.00 1.58 0.00 0.00 1.00 0.00 0.29 0.00
