0.00 0.00 1.39 0.00 0.00 0.00 1.11 1.49 1.68 1.46
0.00 0.00 0.00 0.00 0.00 1.26 0.00 0.00 1.10 0.00
1.39 0.00 0.00 0.00 0.00 0.00 1.29 0.00 0.00 0.98
0.00 0.00 0.00 0.00 0.67 0.00 0.00 0.00 0.00 0.00
0.00 0.00 0.00 0.67 0.00 0.75 0.00 0.00 0.95 0.00
0.00 1.26 0.00 0.00 0.75 0.00 0.00 0.00 0.90 0.00
1.11 0.00 1.29 0.00 0.00 0.00 0.00 0.00 0.00 0.00
1.49 0.00 0.00 0.00 0.00 0.00 0.00 0.00 1.53 0.72
1.68 1.10 0.00 0.00 0.95 0.90 0.00 1.53 0.00 0.57
1.46 0.00 0.98 0.00 0.00 0.00 0.00 0.72 0.57 0.00
