0.00 1.10 0.00 1.50 0.00 0.00 1.84 0.00 0.60 1.22
1.10 0.00 1.12 0.00 0.00 1.57 0.00 0.00 0.00 1.01
0.00 1.12 0.00 0.00 0.59 0.00 0.00 1.04 0.00 1.20
1.50 0.00 0.00 0.00 0.00 0.00 1.52 0.00 0.87 0.90
0.00 0.00 0.59 0.00 0.00 0.00 0.00 0.00 0.00 0.00
0.00 1.57 0.00 0.00 0.00 0.00 0.00 0.00 0.00 0.00
1.84 0.00 0.00 1.52 0.00 0.00 0.00 0.00 0.82 0.81
0.00 0.00 1.04 0.00 0.00 0.00 0.00 0.00 0.00 0.00
0.60 0.00 0.00 0.87 0.00 0.00 0.82 0.00 0.00 0.55
1.22 1.01 1.20 0.90 0.00 0.00 0.81 0.00 0.55 0.00
