0.00 1.17 0.68 0.00 0.00 0.00 0.00 0.00 0.00 0.00
1.17 0.00 0.28 0.00 0.00 0.85 0.00 0.00 0.00 0.00
0.68 0.28 0.00 0.00 0.00 0.00 0.00 0.00 0.00 0.00
0.00 0.00 0.00 0.00 0.00 0.00 1.55 0.67 0.72 0.58
0.00 0.00 0.00 0.00 0.00 0.00 0.74 0.00 0.00 0.00
0.00 0.85 0.00 0.00 0.00 0.00 1.67 1.18 0.84 1.03
0.00 0.00 0.00 1.55 0.74 1.67 0.00 0.57 1.20 0.54
0.00 0.00 0.00 0.67 0.00 1.18 0.57 0.00 1.00 0.30
0.00 0.00 0.00 0.72 0.00 0.84 1.20 1.00 0.00 1.24
0.00 0.00 0.00 0.58 0.00 1.03 0.54 0.30 1.24 0.00
