0.00 1.01 0.96 0.00 0.00 0.00 1.07 0.00 1.08 0.00
1.01 0.00 1.31 0.00 1.30 0.38 1.12 0.00 0.89 0.00
0.96 1.31 0.00 0.00 0.00 0.00 0.28 0.00 1.36 1.65
0.00 0.00 0.00 0.00 0.00 0.00 0.00 1.03 0.00 0.00
0.00 1.30 0.00 0.00 0.00 0.33 1.64 0.16 0.80 0.00
0.00 0.38 0.00 0.00 0.33 0.00 0.00 0.00 0.00 0.00
1.07 1.12 0.28 0.00 1.64 0.00 0.00 0.00 1.60 0.99
0.00 0.00 0.00 1.03 0.16 0.00 0.00 0.00 0.00 0.00
1.08 0.89 1.36 0.00 0.80 0.00 1.60 0.00 0.00 0.74
0.00 0.00 1.65 0.00 0.00 0.00 0.99 0.00 0.74 0.00
